0.807000
0.838000
0.838000
1.474000
1.458000
1.458000
1.443000
1.458000
1.443000
1.443000
1.443000
1.443000
1.443000
1.443000
1.443000
1.427000
1.443000
1.443000
1.443000
1.443000
1.443000
1.443000
1.474000
1.474000
0.838000
0.869000
0.900000
0.900000
1.489000
1.490000
1.505000
1.505000
1.536000
1.536000
1.536000
1.552000
1.552000
1.567000
1.583000
1.583000
1.629000
1.629000
1.645000
1.660000
1.707000
1.691000
0.449000
0.449000
0.449000
0.436000
0.449000
0.449000
0.449000
0.449000
0.436000
0.436000
0.436000
0.436000
0.449000
0.449000
0.449000
0.449000
0.449000
0.449000
0.449000
0.462000
0.466000
1.583000
1.552000
1.552000
1.536000
1.490000
1.474000
1.458000
1.458000
1.443000
1.427000
1.396000
1.412000
1.396000
1.381000
0.900000
0.900000
0.900000
0.900000
0.900000
0.900000
0.885000
0.885000
0.885000
0.885000
0.869000
0.885000
0.885000
0.885000
0.869000
0.869000
0.885000
0.885000
0.885000
0.900000
0.900000
0.900000
0.900000
0.916000
1.241000
1.257000
1.257000
1.257000
1.257000
1.272000
1.272000
1.272000
1.272000
1.288000
1.288000
1.288000
1.303000
1.303000
1.319000
1.319000
1.319000
1.334000
1.334000
1.334000
1.350000
1.365000
1.381000
1.396000
1.396000
1.396000
1.427000
1.443000
1.458000
0.698000
1.490000
1.505000
1.505000
0.698000
0.698000
0.714000
0.714000
0.714000
0.714000
0.745000
1.490000
1.443000
1.443000
1.412000
1.397000
1.366000
1.350000
1.319000
1.319000
1.288000
1.257000
1.242000
1.226000
1.211000
1.195000
1.180000
1.164000
1.149000
1.133000
1.133000
1.118000
1.102000
1.102000
1.087000
1.087000
1.071000
1.056000
1.056000
1.040000
1.040000
1.040000
1.024000
1.009000
1.009000
1.009000
1.009000
0.993000
0.993000
0.993000
0.993000
0.978000
0.978000
0.977000
0.978000
0.978000
0.978000
0.978000
0.978000
0.962000
0.962000
0.978000
0.978000
0.962000
0.978000
0.978000
0.978000
0.978000
0.978000
0.993000
0.993000
0.993000
0.993000
0.993000
0.993000
1.009000
1.009000
1.009000
1.024000
1.040000
1.040000
1.056000
1.040000
1.056000
1.071000
1.071000
1.087000
1.087000
1.102000
1.133000
1.133000
1.118000
1.087000
1.071000
1.024000
1.009000
0.978000
0.947000
0.916000
0.885000
0.869000
0.869000
0.854000
0.838000
0.807000
0.792000
0.792000
0.761000
0.745000
0.745000
0.730000
0.729000
0.714000
0.698000
0.698000
0.683000
0.652000
0.652000
0.652000
0.652000
0.652000
0.636000
0.636000
0.621000
0.621000
0.621000
0.605000
0.605000
0.590000
0.590000
0.590000
0.590000
0.574000
0.574000
0.574000
0.574000
0.574000
0.559000
0.559000
0.559000
0.559000
0.559000
0.559000
0.559000
0.559000
0.559000
0.543000
0.543000
0.543000
0.543000
0.543000
0.543000
0.543000
0.543000
0.543000
0.543000
0.543000
0.543000
0.543000
0.559000
0.559000
0.559000
0.559000
0.559000
0.559000
0.559000
0.574000
0.574000
0.574000
0.590000
0.590000
0.590000
0.590000
0.605000
0.605000
0.605000
0.605000
0.621000
0.621000
0.636000
0.636000
0.652000
0.652000
0.652000
0.667000
0.667000
0.683000
0.698000
0.698000
0.714000
0.729000
0.729000
0.745000
0.760000
0.776000
0.791000
0.791000
0.822000
0.838000
0.853000
0.853000
0.884000
0.900000
0.931000
0.946000
0.962000
0.977000
1.009000
1.040000
1.055000
1.117000
1.148000
1.164000
1.226000
1.257000
1.288000
0.822000
0.838000
0.791000
0.791000
0.791000
0.791000
0.791000
0.776000
0.776000
0.791000